	Alpha	Beta	Delta	Gamma	Lambda	Omicron
C3267T	1	0	0	0	0	0
G5180A	1	0	0	0	0	0
C5388A	1	0	0	0	0	0
T6954C	1	0	0	0	0	0
T11337C	1	0	0	0	0	0
C12534T	1	0	0	0	0	0
C21597T	1	0	0	0	0	0
C23271A	1	0	0	0	0	0
G23593T	1	0	0	0	0	0
C23709T	1	0	0	0	0	0
T24506G	1	0	0	0	0	0
G24914C	1	0	0	0	0	0
C27972T	1	0	0	0	0	0
G28048T	1	0	0	0	0	0
A28111G	1	0	0	0	0	0
G28908T	1	0	0	0	0	0
C28977T	1	0	0	0	0	0
G5230T	0	1	0	0	0	0
A8052G	0	1	0	0	0	0
A10323G	0	1	0	0	0	0
A16687G	0	1	0	0	0	0
C23664T	0	1	0	0	0	0
C26456T	0	1	0	0	0	0
C28887T	0	1	0	0	0	0
G4181T	0	0	1	0	0	0
C5184T	0	0	1	0	0	0
G9053T	0	0	1	0	0	0
C9891T	0	0	1	0	0	0
A11201G	0	0	1	0	0	0
T11418C	0	0	1	0	0	0
G15451A	0	0	1	0	0	0
C16466T	0	0	1	0	0	0
C21618G	0	0	1	0	0	0
C23604G	0	0	1	0	0	0
C25469T	0	0	1	0	0	0
T27638C	0	0	1	0	0	0
C27752T	0	0	1	0	0	0
C27874T	0	0	1	0	0	0
G28881T	0	0	1	0	0	0
G28916T	0	0	1	0	0	0
G29402T	0	0	1	0	0	0
A5648C	0	0	0	1	0	0
C21621A	0	0	0	1	0	0
G22132T	0	0	0	1	0	0
G25088T	0	0	0	1	0	0
T7424G	0	0	0	0	1	0
G21786T	0	0	0	0	1	0
C21789T	0	0	0	0	1	0
T22917A	0	0	0	0	1	0
T23031C	0	0	0	0	1	0
C24138A	0	0	0	0	1	0
T670G	0	0	0	0	0	1
A2832G	0	0	0	0	0	1
G4184A	0	0	0	0	0	1
C4321T	0	0	0	0	0	1
T5386G	0	0	0	0	0	1
G8393A	0	0	0	0	0	1
C9344T	0	0	0	0	0	1
C9866T	0	0	0	0	0	1
C10449A	0	0	0	0	0	1
A11537G	0	0	0	0	0	1
C17410T	0	0	0	0	0	1
C19955T	0	0	0	0	0	1
T22200G	0	0	0	0	0	1
T22882G	0	0	0	0	0	1
G22898A	0	0	0	0	0	1
A23013C	0	0	0	0	0	1
C23202A	0	0	0	0	0	1
C26270T	0	0	0	0	0	1
A26530G	0	0	0	0	0	1
C26858T	0	0	0	0	0	1